[1] "################## MAIN MODEL ###################"
               vars        2002        2005        2008        2011        2014        2017
 1:     (Intercept)   69461.605  302602.330  196339.528  163244.546  105377.382   57084.704
 2:           p-val       0.350       0.000       0.004       0.007       0.036       0.238
 3:        bage0-34 -105607.363 -187122.349 -149345.668 -125160.439 -139990.483 -152503.276
 4:           p-val       0.000       0.000       0.000       0.000       0.000       0.000
 5:       bage35-44  -51011.097  -69092.334  -55292.108  -64782.511  -74479.813  -51948.395
 6:           p-val       0.000       0.000       0.000       0.000       0.000       0.000
 7:       bage54-65   -2801.107    8719.838   66848.475   63203.755   42625.026   47177.145
 8:           p-val       0.717       0.464       0.000       0.000       0.000       0.000
 9:       bage65-75  -27648.878  -48648.003   11799.174   18412.378   42089.842   36677.123
10:           p-val       0.004       0.001       0.383       0.124       0.000       0.000
11:          bage75  -62376.767 -107795.658  -34175.323  -14062.546  -15482.381   -5723.675
12:           p-val       0.000       0.000       0.014       0.236       0.148       0.581
13: classcapitalist  175295.880   94693.323  116470.801  128440.998  113382.059  121986.556
14:           p-val       0.019       0.124       0.095       0.035       0.027       0.014
15:   classinactive   61563.906  -79190.527  -27183.759  -19451.145   -1930.564   35968.858
16:           p-val       0.406       0.189       0.693       0.747       0.969       0.457
17:    classmanager  193603.075  100567.891  160336.911   93388.546  145334.188  180622.888
18:           p-val       0.009       0.099       0.021       0.125       0.004       0.000
19:    classretired   96810.122  -22859.160   30428.869   27848.761   62162.754   93931.345
20:           p-val       0.192       0.706       0.660       0.645       0.214       0.052
21:     classworker   81732.790  -60414.888   11105.310   -9851.538    2430.415   32093.747
22:           p-val       0.271       0.315       0.872       0.870       0.961       0.507
               vars        2002        2005        2008        2011        2014        2017
           2020
 1:  105110.044
 2:       0.004
 3: -107572.569
 4:       0.000
 5:  -49763.884
 6:       0.000
 7:   46625.525
 8:       0.000
 9:   45169.580
10:       0.000
11:   12776.538
12:       0.223
13:   61532.036
14:       0.114
15:  -29785.618
16:       0.414
17:  120708.107
18:       0.001
19:   32627.264
20:       0.367
21:  -13967.873
22:       0.701
           2020
[1] "################## INTERACTIONS MODEL ###################"
                         vars        2002        2005        2008        2011        2014
 1:               (Intercept)   69461.605  302602.330  196339.528  163244.546  105377.382
 2:                     p-val       0.350       0.000       0.004       0.007       0.036
 3:                  bage0-34 -105607.363 -187122.349 -149345.668 -125160.439 -139990.483
 4:                     p-val       0.000       0.000       0.000       0.000       0.000
 5:                 bage35-44  -51011.097  -69092.334  -55292.108  -64782.511  -74479.813
 6:                     p-val       0.000       0.000       0.000       0.000       0.000
 7:                 bage54-65   -2801.107    8719.838   66848.475   63203.755   42625.026
 8:                     p-val       0.717       0.464       0.000       0.000       0.000
 9:                 bage65-75  -27648.878  -48648.003   11799.174   18412.378   42089.842
10:                     p-val       0.004       0.001       0.383       0.124       0.000
11:                    bage75  -62376.767 -107795.658  -34175.323  -14062.546  -15482.381
12:                     p-val       0.000       0.000       0.014       0.236       0.148
13:           classcapitalist  175295.880   94693.323  116470.801  128440.998  113382.059
14:                     p-val       0.019       0.124       0.095       0.035       0.027
15:             classinactive   61563.906  -79190.527  -27183.759  -19451.145   -1930.564
16:                     p-val       0.406       0.189       0.693       0.747       0.969
17:              classmanager  193603.075  100567.891  160336.911   93388.546  145334.188
18:                     p-val       0.009       0.099       0.021       0.125       0.004
19:              classretired   96810.122  -22859.160   30428.869   27848.761   62162.754
20:                     p-val       0.192       0.706       0.660       0.645       0.214
21:               classworker   81732.790  -60414.888   11105.310   -9851.538    2430.415
22:                     p-val       0.271       0.315       0.872       0.870       0.961
23:  bage0-34:classcapitalist   69461.605  302602.330  196339.528  163244.546  105377.382
24:                     p-val       0.350       0.000       0.004       0.007       0.036
25: bage35-44:classcapitalist -105607.363 -187122.349 -149345.668 -125160.439 -139990.483
26:                     p-val       0.000       0.000       0.000       0.000       0.000
27: bage54-65:classcapitalist  -51011.097  -69092.334  -55292.108  -64782.511  -74479.813
28:                     p-val       0.000       0.000       0.000       0.000       0.000
29: bage65-75:classcapitalist   -2801.107    8719.838   66848.475   63203.755   42625.026
30:                     p-val       0.717       0.464       0.000       0.000       0.000
31:    bage75:classcapitalist  -27648.878  -48648.003   11799.174   18412.378   42089.842
32:                     p-val       0.004       0.001       0.383       0.124       0.000
33:    bage0-34:classinactive  -62376.767 -107795.658  -34175.323  -14062.546  -15482.381
34:                     p-val       0.000       0.000       0.014       0.236       0.148
35:   bage35-44:classinactive  175295.880   94693.323  116470.801  128440.998  113382.059
36:                     p-val       0.019       0.124       0.095       0.035       0.027
37:   bage54-65:classinactive   61563.906  -79190.527  -27183.759  -19451.145   -1930.564
38:                     p-val       0.406       0.189       0.693       0.747       0.969
39:   bage65-75:classinactive  193603.075  100567.891  160336.911   93388.546  145334.188
40:                     p-val       0.009       0.099       0.021       0.125       0.004
41:      bage75:classinactive   96810.122  -22859.160   30428.869   27848.761   62162.754
42:                     p-val       0.192       0.706       0.660       0.645       0.214
43:     bage0-34:classmanager   81732.790  -60414.888   11105.310   -9851.538    2430.415
44:                     p-val       0.271       0.315       0.872       0.870       0.961
45:    bage35-44:classmanager   69461.605  302602.330  196339.528  163244.546  105377.382
46:                     p-val       0.350       0.000       0.004       0.007       0.036
47:    bage54-65:classmanager -105607.363 -187122.349 -149345.668 -125160.439 -139990.483
48:                     p-val       0.000       0.000       0.000       0.000       0.000
49:    bage65-75:classmanager  -51011.097  -69092.334  -55292.108  -64782.511  -74479.813
50:                     p-val       0.000       0.000       0.000       0.000       0.000
51:       bage75:classmanager   -2801.107    8719.838   66848.475   63203.755   42625.026
52:                     p-val       0.717       0.464       0.000       0.000       0.000
53:    bage35-44:classretired  -27648.878  -48648.003   11799.174   18412.378   42089.842
54:                     p-val       0.004       0.001       0.383       0.124       0.000
55:    bage54-65:classretired  -62376.767 -107795.658  -34175.323  -14062.546  -15482.381
56:                     p-val       0.000       0.000       0.014       0.236       0.148
57:    bage65-75:classretired  175295.880   94693.323  116470.801  128440.998  113382.059
58:                     p-val       0.019       0.124       0.095       0.035       0.027
59:     bage54-65:classworker   61563.906  -79190.527  -27183.759  -19451.145   -1930.564
60:                     p-val       0.406       0.189       0.693       0.747       0.969
61:     bage65-75:classworker  193603.075  100567.891  160336.911   93388.546  145334.188
62:                     p-val       0.009       0.099       0.021       0.125       0.004
                         vars        2002        2005        2008        2011        2014
           2017        2020
 1:   57084.704  105110.044
 2:       0.238       0.004
 3: -152503.276 -107572.569
 4:       0.000       0.000
 5:  -51948.395  -49763.884
 6:       0.000       0.000
 7:   47177.145   46625.525
 8:       0.000       0.000
 9:   36677.123   45169.580
10:       0.000       0.000
11:   -5723.675   12776.538
12:       0.581       0.223
13:  121986.556   61532.036
14:       0.014       0.114
15:   35968.858  -29785.618
16:       0.457       0.414
17:  180622.888  120708.107
18:       0.000       0.001
19:   93931.345   32627.264
20:       0.052       0.367
21:   32093.747  -13967.873
22:       0.507       0.701
23:   57084.704  105110.044
24:       0.238       0.004
25: -152503.276 -107572.569
26:       0.000       0.000
27:  -51948.395  -49763.884
28:       0.000       0.000
29:   47177.145   46625.525
30:       0.000       0.000
31:   36677.123   45169.580
32:       0.000       0.000
33:   -5723.675   12776.538
34:       0.581       0.223
35:  121986.556   61532.036
36:       0.014       0.114
37:   35968.858  -29785.618
38:       0.457       0.414
39:  180622.888  120708.107
40:       0.000       0.001
41:   93931.345   32627.264
42:       0.052       0.367
43:   32093.747  -13967.873
44:       0.507       0.701
45:   57084.704  105110.044
46:       0.238       0.004
47: -152503.276 -107572.569
48:       0.000       0.000
49:  -51948.395  -49763.884
50:       0.000       0.000
51:   47177.145   46625.525
52:       0.000       0.000
53:   36677.123   45169.580
54:       0.000       0.000
55:   -5723.675   12776.538
56:       0.581       0.223
57:  121986.556   61532.036
58:       0.014       0.114
59:   35968.858  -29785.618
60:       0.457       0.414
61:  180622.888  120708.107
62:       0.000       0.001
           2017        2020
