[1] "################## MAIN MODEL ###################"
                   vars       2002        2005       2008       2011       2014       2017
 1:         (Intercept) 119367.037  146686.833  13682.763 -15441.042 -28819.648 -38745.492
 2:               p-val      0.000       0.000      0.247      0.135      0.000      0.000
 3:            bage0-34 -52658.701  -95298.715 -63122.477 -75551.997 -58140.239 -40076.291
 4:               p-val      0.000       0.000      0.000      0.000      0.000      0.000
 5:           bage35-44 -32246.443  -27273.827 -25185.938 -31092.479 -43423.426 -21796.040
 6:               p-val      0.000       0.001      0.000      0.000      0.000      0.000
 7:           bage54-65 -13809.954   -8137.399  26430.347  38285.990  27218.009  21503.870
 8:               p-val      0.016       0.365      0.001      0.000      0.000      0.000
 9:           bage65-75 -28902.453  -24170.899 -13197.602  26343.182  36755.279  27295.111
10:               p-val      0.000       0.007      0.096      0.000      0.000      0.000
11:              bage75 -45344.079  -62577.131 -34674.552   4824.040   1860.085  16447.597
12:               p-val      0.000       0.000      0.000      0.495      0.754      0.003
13:             sex_Man   3220.248   -3947.435   2000.371   3360.640  -3930.862   6238.232
14:               p-val      0.374       0.473      0.672      0.429      0.270      0.068
15:      riquezafin_Fin  53140.905   72035.644  75276.574  57287.309  38366.361  48501.174
16:               p-val      0.000       0.000      0.000      0.000      0.000      0.000
17: inherit_Inheritance -22889.608  -73910.455 -31420.683 -21624.482 -39056.113 -17008.178
18:               p-val      0.001       0.000      0.000      0.003      0.000      0.001
19:             direc_0 -42514.379  -49210.735 -42578.637 -24652.556 -31328.347 -39646.311
20:               p-val      0.000       0.000      0.000      0.002      0.000      0.000
21: homeowner_Homeowner 138913.905  238606.141 185827.699 153263.820 141537.720 137003.920
22:               p-val      0.000       0.000      0.000      0.000      0.000      0.000
23:             multipr -82380.111 -112740.307 142824.056 113551.785 123502.994 115351.646
24:               p-val      0.000       0.000      0.000      0.000      0.000      0.000
                   vars       2002        2005       2008       2011       2014       2017
          2020
 1: -42223.622
 2:      0.000
 3: -29908.479
 4:      0.000
 5: -22350.485
 6:      0.000
 7:  18563.212
 8:      0.000
 9:  27250.419
10:      0.000
11:  14055.988
12:      0.014
13:   1887.322
14:      0.582
15:  43080.433
16:      0.000
17: -13104.608
18:      0.015
19: -32429.154
20:      0.000
21: 146847.752
22:      0.000
23: 111938.684
24:      0.000
          2020
