interleaved_names_int,V2,V2,V2,V2,V2,V2,V2
(Intercept),2002,2005,2008,2011,2014,2017,2020
coef,228952.072049832,245621.77,195612.676149488,101595.579710279,188468.519885054,20580.8476723879,74162.0196551279
bage35-44,0.0000200828989236573,0.00000215727028898972,0.00279454437459876,0.169307250039694,0.00611471520586961,0.745767082642851,0.343954572043907
coef,71000.5653434247,121312.38250208,161140.413518497,239911.3950281,893.019533020684,199504.36376561,87040.7295328187
bage45-54,0.245094192602524,0.0427075057707641,0.0258864973979783,0.00313799451107209,0.990608662904665,0.00456059304479632,0.309125625943598
coef,248101.917025581,256384.650163595,286611.258304908,378551.595933898,234802.883143778,414879.364866263,279171.644792252
bage54-65,0.0000276990104803189,0.00000543435844514326,0.0000336382065784354,0.00000101942793473098,0.00113549885547209,0.000000000766692359573603,0.000614063487952604
coef,321312.251315237,341238.522745215,399723.03686164,470846.183904903,355578.852506766,511561.671253769,431156.097358478
bage65-75,0.0000000615063434579485,0.00000000166282962023209,0.00000000714210000845076,0.00000000107502728872029,0.000000749343786811059,2.05809252327982e-14,0.000000113244140590215
coef,346141.375083508,377846.486871136,411365.126835428,499646.413227329,405042.598640789,577343.792439263,540757.674164621
bage75,0.0000330711695033619,0.00000313088076208035,0.00000033574105578339,0.000000002351435678296,0.000000253704417308657,8.26265755092947e-14,0.00000000601101895128009
coef,416742.448754784,400072.75080493,450081.84465529,417760.177682472,457226.000919766,625113.673132346,571532.501149488
classinactive,0.00560037087171761,0.0012534183608794,0.000218728461721147,0.000205587131849025,0.000180997091849658,0.000000000347182585708945,0.00000659616091514062
coef,-173841.135766378,-276973.442864817,-193513.450117582,-136024.73527357,-180178.042735402,-117878.578362176,-138455.760841912
classretired,0.0268886097886995,0.0000201775681321249,0.0231183416017779,0.122092173592463,0.030878589988503,0.138532690717871,0.120651405636306
coef,-474160.297249925,-372895.612914581,-317824.291882968,-256046.560514175,-347849.860518164,-271564.533879569,-232690.962089583
classself-employed,0.000802982091957925,0.0010320113674217,0.00213643710073261,0.496903236090442,0.000621465528612615,0.000453492361244969,0.0203611845672637
coef,-249457.126972385,-800145.5016097,-94640.865781748,-673806.738197405,-400072.750804802,0.000000216448449021913,-400072.750804662
classworker,0.161172800799937,0.00533286223232154,0.54968473012823,0.0755912167686728,0.147534239397099,0.99999999999953,0.142465397833186
coef,-265309.289062791,-285158.237275733,-236968.886408703,-136977.289442152,-292910.406839257,-106053.767993544,-159634.939976279
bage35-44:classinactive,0.00000387886586249444,0.000000253767100257128,0.000598618153473488,0.0838385100737689,0.0000761147984310273,0.124692884214855,0.0543457294743151
coef,-76270.0139355688,13902.9990539816,-59865.9587254211,-225777.088263119,-55506.706999677,-116772.036676106,-77833.49509475
bage45-54:classinactive,0.407812591933082,0.859994109928379,0.543851249937316,0.0218137936505697,0.556090065433389,0.195814664821311,0.435980353839584
coef,-173741.236768462,-30954.3224331247,-92582.2505188724,-225431.382473284,-162580.979514444,-237680.376016155,-191831.818912385
bage54-65:classinactive,0.0506664283210601,0.678098588632142,0.313912503888017,0.0163492776698042,0.0685645092536063,0.00566649215556526,0.0421213202197974
coef,-202703.893549792,-44261.4423401563,-138475.750769302,-182160.594655135,-203508.965565647,-255144.386954209,-220568.993268046
bage65-75:classinactive,0.0187827271928827,0.540364443523891,0.125480302209018,0.0510128647502127,0.0214730233616977,0.00263552103021889,0.0190979967970762
coef,-292839.607527456,-162978.200268422,-222754.529056224,-166252.454223341,-255227.220029021,-347739.695156589,-345148.663207779
bage75:classinactive,0.00471229490255087,0.0787587358488832,0.025277769557017,0.0967050118348384,0.00744805985133618,0.000249011478850529,0.00126931517972306
coef,-405925.308196299,-167224.978984755,-212745.99270993,-157157.233061034,-248104.966139006,-349381.962654023,-338554.05742521
bage35-44:classretired,0.0126519121972911,0.205024344140227,0.114231623767951,0.205422409420413,0.0612086685726758,0.00192885693272158,0.013324081924784
coef,19756.6790519414,80123.4800675976,206692.972214993,160161.355775841,4037.34029535587,37273.5634736357,317109.982901626
bage45-54:classretired,0.947468087274407,0.662624857475572,0.465240659419919,0.727619666380887,0.988427317085995,0.796173628152639,0.249169054757632
coef,162713.528013594,21255.5458926952,-75328.0794080901,52295.9818550061,7207.62530963316,62669.8410796711,44964.5174812072
bage54-65:classretired,0.326669177709991,0.880626533574489,0.565141698216798,0.891804143719597,0.954125387471748,0.45569996260625,0.745245214894928
coef,202059.546581894,125222.491567234,137106.597056595,45852.9407498659,135714.459280317,64582.7245263489,58582.317984453
bage65-75:classretired,0.166102110721565,0.28950629958788,0.206420954184988,0.903497310490714,0.203760960005383,0.471067203988664,0.579086732861121
coef,114984.842794653,23801.7878055762,91546.5855138487,24586.8464470623,143957.012281959,-374536.192242971,-9593.17217788348
bage54-65:classself-employed,0.459956762986371,0.854802521941713,0.423117777501346,0.948283535634663,0.186661953790927,0.466595119994589,0.932086142609906
coef,418097.65870176,278760.368302898,-542034.049477385,64441.3288760969,21632.5982520151,210234.308265778,184828.931658244
bage65-75:classself-employed,0.311236479170698,0.554809709240856,0.0266151868131407,0.867575235650234,0.946304526801214,0.682555053609064,0.535960357011403
coef,-55185.4263927011,543760.851446117,-218702.827156225,39208.5817485352,132197.952439897,-229367.498811449,87928.077099863
bage35-44:classworker,0.862411862519186,0.113134023523147,0.261618149099333,0.932229449488908,0.682119760436465,0.55844456525681,0.760232494873196
coef,3119.39471512503,325549.395262917,-46782.6556877213,346986.744582274,87334.4062034176,-574565.509447818,-28047.2154456299
bage45-54:classworker,0.96250935278708,0.317777044949777,0.544013066996088,0.387647628421455,0.288739476446504,0.13934438181558,0.757807614065175
coef,-31116.6981938822,422299.014738583,-8243.16507880997,558230.165742723,-24733.5791150344,-163125.187382465,-82063.583278396
bage54-65:classworker,0.629614867945305,0.225078893555904,0.911088603847544,0.179083494285063,0.752609470590032,0.0339395363116095,0.344305414103436
coef,-42585.8882925714,5553.29727661527,-7942.39978570408,-165779.246577896,-2865.70713664442,-231896.71420479,-154092.476569381
bage65-75:classworker,0.516174748022633,0.931599124393196,0.915118612168827,0.0591584786275292,0.970960764500444,0.00170421052099602,0.0758030974241
coef,164450.612389291,8644.14053075952,115656.503906636,-145403.708403522,145057.433715758,-201813.375553878,-64955.8186588106
bage75:classworker,0.138022810238257,0.88794742720123,0.281546579823732,0.0826395031221203,0.158599784548904,0.00612485675484477,0.554936970590319
coef,2002,40967.0649732447,76939.7860868173,-120566.037366957,292910.40683917,-112891.518516526,159634.939976385
(Intercept),228952.072049832,0.512440845178467,0.709565371018229,0.151132640345523,0.230739930104635,0.253296233831293,0.47099457277914
coef,0.0000200828989236573,115349.580823059,2008,86174.4004510979,2014,-93982.6074087887,2020
bage35-44,71000.5653434247,0.302356202718899,195612.676149488,0.41225577972266,188468.519885054,0.64987773256123,74162.0196551279
coef,0.245094192602524,285158.23727555,0.00279454437459876,-136756.697950543,0.00611471520586961,2017,0.343954572043907
(Intercept),248101.917025581,0.329391319246299,161140.413518497,0.632441278178478,893.019533020684,20580.8476723879,87040.7295328187
