interleaved_names,V2,V2,V2,V2,V2,V2,V2
(Intercept),2002,2005,2008,2011,2014,2017,2020
coef,268450.701,245615.789,228248.014,230259.509,222018.076,204508.215,196295.84
bage35-44,0,0,0,0,0,0,0
coef,63965.6,125742.695,117592.031,79997.473,40614.918,60725.45,40592.564
bage45-54,0.004,0,0,0.003,0.119,0.017,0.107
coef,206731.818,256085.452,262283.043,232600.073,182823.601,212609.067,172108.49
bage54-65,0,0,0,0,0,0,0
coef,270896.948,354806.885,372871.202,352137.888,309945.012,318608.779,278481.43
bage65-75,0,0,0,0,0,0,0
coef,221396.552,292570.066,344757.619,386895.882,371765.769,353695.956,325873.272
bage75,0,0,0,0,0,0,0
coef,168743.225,289388.663,314496.775,332101.885,306113.763,342179.271,356648.836
classinactive,0,0,0,0,0,0,0
coef,-354553.452,-323982.846,-321449.122,-329051.524,-342271.432,-355357.579,-338618.737
classretired,0,0,0,0,0,0,0
coef,-270260.854,-264032.527,-202970.929,-238031.396,-215929.665,-172496.92,-144988.671
classself-employed,0,0,0,0,0,0,0
coef,-154749.302,-413426.205,-307349.499,-331443.023,-311461.425,-339373.66,-215132.765
classworker,0.244,0,0,0,0.003,0,0.001
coef,-292654.181,-273772.706,-257803.925,-262673.991,-288705.993,-306571.85,-264669.566
(Intercept),0,0,0,0,0,0,0
